864 288
START 0 0 48 48
START 48 0 48 48
START 96 0 48 48
START 0 48 48 48
START 48 48 48 48
START 96 48 48 48
START 0 96 48 48
START 48 96 48 48
START 96 96 48 48
START 0 144 48 48
START 48 144 48 48
START 96 144 48 48
START 0 192 48 48
START 48 192 48 48
START 96 192 48 48
START 0 240 48 48
START 48 240 48 48
START 96 240 48 48
END 720 0 48 48
END 768 0 48 48
END 816 0 48 48
END 720 48 48 48
END 768 48 48 48
END 816 48 48 48
END 720 96 48 48
END 768 96 48 48
END 816 96 48 48
END 720 144 48 48
END 768 144 48 48
END 816 144 48 48
END 720 192 48 48
END 768 192 48 48
END 816 192 48 48
END 720 240 48 48
END 768 240 48 48
END 816 240 48 48
CORRIDOR 144 240 48 48
CORRIDOR 192 240 48 48
CORRIDOR 192 192 48 48
CORRIDOR 192 144 48 48
CORRIDOR 192 96 48 48
CORRIDOR 192 48 48 48
CORRIDOR 240 192 48 48
CORRIDOR 240 144 48 48
CORRIDOR 240 96 48 48
CORRIDOR 240 48 48 48
CORRIDOR 288 192 48 48
CORRIDOR 288 144 48 48
CORRIDOR 288 96 48 48
CORRIDOR 288 48 48 48
CORRIDOR 336 192 48 48
CORRIDOR 336 144 48 48
CORRIDOR 336 96 48 48
CORRIDOR 336 48 48 48
CORRIDOR 384 192 48 48
CORRIDOR 384 144 48 48
CORRIDOR 384 96 48 48
CORRIDOR 384 48 48 48
CORRIDOR 432 192 48 48
CORRIDOR 432 144 48 48
CORRIDOR 432 96 48 48
CORRIDOR 432 48 48 48
CORRIDOR 480 192 48 48
CORRIDOR 480 144 48 48
CORRIDOR 480 96 48 48
CORRIDOR 480 48 48 48
CORRIDOR 528 192 48 48
CORRIDOR 528 144 48 48
CORRIDOR 528 96 48 48
CORRIDOR 528 48 48 48
CORRIDOR 576 192 48 48
CORRIDOR 576 144 48 48
CORRIDOR 576 96 48 48
CORRIDOR 576 48 48 48
CORRIDOR 624 192 48 48
CORRIDOR 624 144 48 48
CORRIDOR 624 96 48 48
CORRIDOR 624 48 48 48
CORRIDOR 624 0 48 48
CORRIDOR 672 0 48 48

ENEMY_BASIC 192 192 24 24 2.0 1 0 192 672 192 240
ENEMY_BASIC 192 96 24 24 2.0 1 0 192 672 96 144
ENEMY_BASIC 624 144 24 24 2.0 -1 0 192 672 144 192
ENEMY_BASIC 624 48 24 24 2.0 -1 0 192 672 48 96

PLAYER 48 144 BLINKY BLACK
